
\begin{tikzpicture}
    \begin{axis}[
        xlabel={Iteration},
        ylabel={Marginal},
        xmin=0, xmax=34,
        ymin=0, ymax=1,
        xtick={0, 1, 2, 3, 4, 5, 6, 7, 8, 9, 10, 11, 12, 13, 14, 15, 16, 17, 18, 19, 20, 21, 22, 23, 24, 25, 26, 27, 28, 29, 30, 31, 32, 33, 34},
        ytick={0,0.2,0.4,0.6,0.8,1},
        legend pos=north west,
        ymajorgrids=true,
        grid style=dashed,
    ]


    \addplot[
        color=red,
        mark=triangle,
        ]
        coordinates {
        (0,0.2955234723506779)(1,0.2955234723506779)(2,0.2955234723506779)(3,0.2955234723506779)(4,0.4124794732117633)(5,0.2955234723506779)(6,0.2955234723506779)(7,0.2955234723506779)(8,0.2955234723506779)(9,0.2955234723506779)(10,0.2955234723506779)(11,0.4124794732117633)(12,0.4124794732117633)(13,0.4124794732117633)(14,0.4124794732117633)(15,0.4124794732117633)(16,0.4124794732117633)(17,0.4124794732117633)(18,0.4124794732117633)(19,0.2955234723506779)(20,0.2955234723506779)(21,0.2955234723506779)(22,0.2955234723506779)(23,0.4124794732117633)(24,0.4124794732117633)(25,0.4124794732117633)(26,0.4124794732117633)(27,0.4124794732117633)(28,0.4124794732117633)(29,0.4124794732117633)(30,0.4124794732117633)(31,0.4124794732117633)(32,0.4124794732117633)(33,0.4124794732117633)(34,0.4124794732117633)
        };
        \addlegendentry{lonely boy}

    \addplot[
        color=green,
        mark=square,
        ]
        coordinates {
        (0,0.5656008982487828)(1,0.5656008982487828)(2,0.5656008982487828)(3,0.5656008982487828)(4,0.8037907700908673)(5,0.5656008982487828)(6,0.5656008982487828)(7,0.5656008982487828)(8,0.5656008982487828)(9,0.5656008982487828)(10,0.5656008982487828)(11,0.8037907700908673)(12,0.8037907700908673)(13,0.8037907700908673)(14,0.8037907700908673)(15,0.8037907700908673)(16,0.8037907700908673)(17,0.8037907700908673)(18,0.8037907700908673)(19,0.5656008982487828)(20,0.5656008982487828)(21,0.5656008982487828)(22,0.5656008982487828)(23,0.8037907700908673)(24,0.8037907700908673)(25,0.8037907700908673)(26,0.8037907700908673)(27,0.8037907700908673)(28,0.8037907700908673)(29,0.8037907700908673)(30,0.8037907700908673)(31,0.8037907700908673)(32,0.8037907700908673)(33,0.8037907700908673)(34,0.8037907700908673)
        };
        \addlegendentry{exciting girl}

    \addplot[
        color=blue,
        mark=o,
        ]
        coordinates {
        (0,0.4298868737210374)(1,0.4298868737210374)(2,0.9848193171659511)(3,0.9848193171659511)(4,0.9848193171659511)(5,0.4298868737210374)(6,0.4298868737210374)(7,0.4298868737210374)(8,0.4298868737210374)(9,0.9848193171659511)(10,0.9848193171659511)(11,0.9848193171659511)(12,0.9848193171659511)(13,0.9848193171659511)(14,0.9848193171659511)(15,0.9848193171659511)(16,0.9848193171659511)(17,0.9848193171659511)(18,0.9848193171659511)(19,0.4298868737210374)(20,0.4298868737210374)(21,0.9848193171659511)(22,0.9848193171659511)(23,0.9848193171659511)(24,0.9848193171659511)(25,0.9848193171659511)(26,0.9848193171659511)(27,0.9848193171659511)(28,0.9848193171659511)(29,0.9848193171659511)(30,0.9848193171659511)(31,0.9848193171659511)(32,0.9848193171659511)(33,0.9848193171659511)(34,0.9848193171659511)
        };
        \addlegendentry{girl likes boy}

    \addplot[
        color=yellow,
        mark=triangle,
        ]
        coordinates {
        (0,0.6882586333828075)(1,0.6882586333828075)(2,0.9916991091860022)(3,0.9916991091860022)(4,0.9916991091860022)(5,0.6882586333828075)(6,0.6882586333828075)(7,0.6882586333828075)(8,0.6882586333828075)(9,0.9916991091860022)(10,0.9916991091860022)(11,0.9916991091860022)(12,0.9916991091860022)(13,0.9916991091860022)(14,0.9916991091860022)(15,0.9916991091860022)(16,0.9916991091860022)(17,0.9916991091860022)(18,0.9916991091860022)(19,0.6882586333828075)(20,0.6882586333828075)(21,0.9916991091860022)(22,0.9916991091860022)(23,0.9916991091860022)(24,0.9916991091860022)(25,0.9916991091860022)(26,0.9916991091860022)(27,0.9916991091860022)(28,0.9916991091860022)(29,0.9916991091860022)(30,0.9916991091860022)(31,0.9916991091860022)(32,0.9916991091860022)(33,0.9916991091860022)(34,0.9916991091860022)
        };
        \addlegendentry{boy likes girl}

    \addplot[
        color=orange,
        mark=square,
        ]
        coordinates {
        (0,1.0)(1,1.0)(2,1.0)(3,1.0)(4,1.0)(5,1.0)(6,1.0)(7,1.0)(8,1.0)(9,1.0)(10,1.0)(11,1.0)(12,1.0)(13,1.0)(14,1.0)(15,1.0)(16,1.0)(17,1.0)(18,1.0)(19,1.0)(20,1.0)(21,1.0)(22,1.0)(23,1.0)(24,1.0)(25,1.0)(26,1.0)(27,1.0)(28,1.0)(29,1.0)(30,1.0)(31,1.0)(32,1.0)(33,1.0)(34,1.0)
        };
        \addlegendentry{boy dates girl}


    \end{axis}
\end{tikzpicture}
